train losses:
[271.32989686448127, 241.27803360205144, 220.49947387818247, 220.0912064909935, 205.55530641134828, 202.71034081093967, 198.36129424441606, 199.80473831109703, 196.1861326545477, 195.644348051399, 193.1113562816754, 195.32801748253405, 193.02452629432082, 195.7245447319001, 194.4613627512008, 191.90438687242568, 188.84273425117135, 192.8879257608205, 189.41799140442163, 188.2547486918047, 188.94985335879028, 190.73591332975775, 188.54341912874952, 189.61050929874182, 187.84818504936993, 186.00066611682996, 185.3957943180576, 184.73693365231156, 184.73362637031823, 185.8688728287816, 182.7384301861748, 182.9275649888441, 185.13212597649544, 183.0950049739331, 181.81540887523443, 183.38968256954104, 182.1981900697574, 179.91878727450967, 180.46636820584536, 183.2469974067062, 183.96588047221303, 182.42845537140965, 179.89937798678875, 181.88878129422665, 180.32930791471153, 181.1537284012884, 183.81104388646781, 182.97380254417658, 184.3628533417359, 166.4078989541158]
eval losses:
[2316.746738702059, 2334.121147263795, 2451.1274550557137, 2467.027699744329, 2244.2735951598734, 2345.927798146382, 2542.130536129698, 2501.2244575638324, 2530.717874554917, 2535.632636213675, 2512.151503417641, 2541.7140342276543, 2739.775458034128, 2553.650676669553, 2475.761915694922, 2597.957771703601, 2682.1605669688433, 2651.5796637125313, 2771.088998991996, 2740.926259510219, 2587.071624238044, 2733.421397894621, 2748.060153257102, 2928.271315559745, 2863.9623521715403, 2906.2768869102, 2914.0756712127477, 2621.3516830317676, 2674.611346129328, 2677.549444353208, 2497.9244676083326, 2623.953130878508, 2588.8157566394657, 2693.265991618857, 2650.7731959931552, 2735.756038725376, 2777.619221465662, 2797.0509389769286, 2592.819685511291, 2652.349256783724, 2673.020193571225, 2565.7986398003995, 2663.206061795354, 2607.0437833741307, 2668.9096673056483, 2573.1980310138315, 2579.6993035580963, 2592.406777171418, 2524.083503490314, 2551.8129320871085]
test loss:
1.6379916945401827
[1.4726889 1.5878593 1.6904134 1.8010057]
[[ 2.2615917   2.3861754   2.4371974   2.466575  ]
 [ 0.9691866   1.1464885   1.2792445   1.4237975 ]
 [ 0.9691866   1.1464885   1.2792445   1.4237975 ]
 [ 0.9691866   1.1464885   1.2792445   1.4237975 ]
 [ 0.9691866   1.1464885   1.2792445   1.4237975 ]
 [ 0.9691866   1.1464885   1.2792445   1.4237975 ]
 [ 0.9691866   1.1464885   1.2792445   1.4237975 ]
 [ 1.1437727   1.2056662   1.2659347   1.3590627 ]
 [ 0.7644955   0.8628973   0.9223086   0.9514677 ]
 [ 0.79588836  0.88875073  0.9844461   1.0898297 ]
 [ 1.2321619   1.325092    1.3594224   1.3965294 ]
 [ 0.79265386  0.8544805   0.91668487  1.0028063 ]
 [ 1.4203864   1.1496712   0.9149703   0.90027755]
 [ 0.78413683  0.8414468   0.90016806  0.97151375]
 [ 0.72322613  0.81279695  0.86115384  0.89029926]
 [ 0.7872317   0.84681636  0.906197    0.97970575]
 [ 1.0441116   0.96940106  0.94141227  0.9309977 ]
 [ 0.96813434  0.9900689   1.0696441   1.112653  ]
 [ 0.69205475  0.7544602   0.7849955   0.8216173 ]
 [ 0.81163424  0.9234387   1.0410477   1.1904083 ]
 [ 0.7088117   0.8078177   0.8556032   0.8895799 ]
 [ 0.7835928   0.84890234  0.88572955  0.89164895]
 [ 0.70212895  0.77407295  0.80785894  0.8428363 ]
 [ 0.7110513   0.80778486  0.856745    0.8914224 ]
 [ 0.8140332   0.8852091   0.96798444  1.0881321 ]
 [ 1.0992408   1.073655    1.068207    1.0789167 ]
 [ 0.8535728   0.96789306  1.0798312   1.2158483 ]
 [ 1.2579898   1.4776719   1.6143333   1.765865  ]
 [ 0.7742295   0.82302076  0.853233    0.852224  ]
 [ 0.77244496  0.82013255  0.8326003   0.8704587 ]
 [ 1.0107509   0.99313843  0.945324    0.91914696]
 [ 0.82044995  0.8908614   0.92697763  0.93521774]
 [ 0.71715266  0.8021181   0.84154713  0.86087954]
 [ 1.2373673   1.4876227   1.7028395   1.9616183 ]
 [ 1.8153492   1.9251002   2.0342426   2.1246743 ]
 [ 1.054975    1.1701478   1.3230611   1.5438924 ]
 [ 1.4003441   1.3185052   1.2647321   1.3378706 ]
 [ 0.777225    0.8135329   0.83834064  0.8366672 ]
 [ 0.7196615   0.7815255   0.80944717  0.85038185]
 [ 1.0898801   1.2717763   1.3794767   1.5070744 ]
 [ 1.2102426   1.3147991   1.3902546   1.4974238 ]
 [ 0.9668977   1.0074239   1.048528    1.1005111 ]
 [ 0.85109603  0.8508074   0.8639421   0.8637855 ]
 [ 1.1648953   1.214741    1.295061    1.3762095 ]
 [ 0.8327008   0.8852445   0.93334174  1.0011644 ]
 [ 1.2309464   1.342405    1.5229468   1.6969439 ]
 [ 0.93958414  0.93258893  0.9193939   0.910259  ]
 [51.140408   53.591125   55.591213   56.25047   ]
 [ 0.8508392   0.9216978   0.9844285   1.0755506 ]
 [ 0.85388076  0.918379    0.977682    1.0646752 ]
 [ 0.9472377   1.0046265   1.0671692   1.1301289 ]
 [ 1.0410364   1.1576566   1.2618268   1.3803024 ]
 [ 0.8394084   0.8846124   0.9014678   0.92756546]
 [ 0.90763754  1.0608501   1.183453    1.3354528 ]
 [ 0.91193664  1.0797875   1.2134134   1.374467  ]
 [ 1.684877    1.9264208   2.1576521   2.3777256 ]
 [ 1.0716466   1.1202061   1.2012341   1.3292992 ]
 [ 1.2312055   1.2298449   1.3365073   1.5616462 ]
 [ 0.7779398   0.8302834   0.85955775  0.85871655]
 [ 0.8757579   0.91855067  0.9370478   0.97087264]
 [ 0.8285268   0.9411945   1.0549223   1.1958914 ]
 [ 0.9355134   1.1064087   1.2478658   1.4194115 ]
 [ 0.85421497  0.8521356   0.8725574   0.89287263]
 [ 0.8712281   0.9622692   1.0611031   1.1913342 ]
 [ 0.7742962   0.81938946  0.8580902   0.9133622 ]
 [ 1.1505028   1.313696    1.4656036   1.6270324 ]
 [ 0.82200354  0.9392306   1.0670989   1.2089254 ]
 [ 0.91098356  1.0424124   1.200702    1.3819029 ]
 [ 3.3887696   2.240548    1.5572543   1.2994812 ]
 [ 1.0120559   1.0874094   1.1690643   1.2911283 ]
 [ 0.8155186   0.90497845  1.0175095   1.14447   ]
 [ 1.0211173   1.1575593   1.2601434   1.3730642 ]
 [ 1.0348334   1.0139745   1.0332739   1.0788505 ]
 [ 1.1892742   1.6242353   1.9979191   2.3751693 ]
 [ 0.8277006   0.9447362   1.0669909   1.2098624 ]
 [ 0.8297673   0.9412455   1.0573806   1.1955066 ]
 [ 1.6470898   1.7662996   1.8226005   1.8796605 ]
 [ 0.985202    1.0063652   1.0673553   1.1630425 ]
 [ 1.1553454   1.267372    1.3593508   1.4327382 ]
 [ 1.1645323   1.3108231   1.4072468   1.528907  ]
 [ 0.8313922   0.94945705  1.0771219   1.2126896 ]
 [ 0.86083573  1.041699    1.2054679   1.3882465 ]
 [ 1.2241241   1.2244351   1.2620962   1.3497158 ]
 [ 0.8702746   1.0585916   1.2231909   1.410782  ]
 [ 1.1376004   1.263256    1.3749611   1.5293477 ]
 [ 1.689783    1.8963733   1.9982836   2.1075027 ]
 [ 1.0091357   1.0828226   1.1456355   1.2344314 ]
 [ 1.2210584   1.3883586   1.4954644   1.6257942 ]
 [ 0.816911    0.91066456  1.0225415   1.1491187 ]
 [ 1.616313    1.7500701   1.866716    1.9627054 ]
 [ 1.6206082   1.8169595   1.9294331   2.0658553 ]
 [ 1.1655889   1.2482612   1.3700536   1.5405778 ]
 [ 1.7002846   1.8228118   1.9069848   1.9759818 ]
 [ 0.8747947   1.0549725   1.2194604   1.4008074 ]
 [ 1.2060598   1.234328    1.2926724   1.3940377 ]
 [ 0.8519889   1.027205    1.1829885   1.3590457 ]
 [ 0.80985266  0.918304    1.0350723   1.1729797 ]
 [ 1.4874005   1.6458595   1.8210065   2.0252545 ]
 [ 1.0573432   1.1860785   1.4331692   1.760141  ]
 [ 0.8518257   1.0303043   1.1880442   1.3672984 ]
 [ 0.86528176  1.0112206   1.1670259   1.3511933 ]
 [ 0.98275125  1.2201208   1.436476    1.6659977 ]
 [ 0.91756386  1.1406763   1.3321902   1.5372363 ]
 [ 0.8583921   1.0402215   1.1980234   1.3791881 ]
 [ 0.8608034   1.0366851   1.1925324   1.3746617 ]
 [ 0.7945952   0.86685866  0.90838385  0.9167596 ]
 [ 0.8806628   1.0905206   1.2633753   1.4597014 ]
 [ 0.7991211   0.87365264  0.91276073  0.9209711 ]
 [ 0.9691866   1.1464885   1.2792445   1.4237975 ]
 [ 0.9691866   1.1464885   1.2792445   1.4237975 ]
 [ 0.9691866   1.1464885   1.2792445   1.4237975 ]
 [ 0.9691866   1.1464885   1.2792445   1.4237975 ]
 [ 0.9691866   1.1464885   1.2792445   1.4237975 ]]
